{
    "animation": [
        {
            "name": "Root",
            "time": [0.0, 0.0167, 0.0333, 0.05, 0.0667, 0.0833, 0.1, 0.1167, 0.1333, 0.15, 0.1667, 0.1833, 0.2, 0.2167, 0.2333, 0.25, 0.2667, 0.2833, 0.3, 0.3167, 0.3333, 0.35, 0.3667, 0.3833, 0.4, 0.4167, 0.4333, 0.45, 0.4667, 0.4833, 0.5, 0.5167, 0.5333, 0.55, 0.5667, 0.5833, 0.6, 0.6167, 0.6333, 0.65, 0.6667, 0.6833, 0.7, 0.7167, 0.7333, 0.75, 0.7667, 0.7833, 0.8, 0.8167, 0.8333, 0.85, 0.8667, 0.8833, 0.9, 0.9167, 0.9333, 0.95, 0.9667, 0.9833, 1.0, 1.0167, 1.0333, 1.05, 1.0667, 1.0833, 1.1, 1.1167, 1.1333, 1.15, 1.1667, 1.1833, 1.2, 1.2167, 1.2333, 1.25, 1.2667, 1.2833, 1.3, 1.3167, 1.3333, 1.35, 1.3667, 1.3833, 1.4, 1.4167, 1.4333, 1.45, 1.4667, 1.4833, 1.5, 1.5167, 1.5333, 1.55, 1.5667, 1.5833, 1.6, 1.6167, 1.6333, 1.65, 1.6667],
            "transform": [
                [1.0, 0.0, -0.0, -5e-06, -0.0, 0.0, -1.0, 0.000946, 0.0, 1.0, 0.0, 0.699153, 0.0, 0.0, 0.0, 1.0],
                [1.0, 0.0, -0.0, -5e-06, -0.0, 0.0, -1.0, -0.02565, 0.0, 1.0, 0.0, 0.696167, 0.0, 0.0, 0.0, 1.0],
                [1.0, 0.0, -0.0, -5e-06, -0.0, 0.0, -1.0, -0.082562, 0.0, 1.0, 0.0, 0.687989, 0.0, 0.0, 0.0, 1.0],
                [1.0, 0.0, -0.0, -5e-06, -0.0, 0.0, -1.0, -0.109158, 0.0, 1.0, 0.0, 0.679492, 0.0, 0.0, 0.0, 1.0],
                [1.0, 0.0, -0.0, -5e-06, -0.0, 0.0, -1.0, -0.105118, 0.0, 1.0, 0.0, 0.669784, 0.0, 0.0, 0.0, 1.0],
                [1.0, 0.0, -0.0, -5e-06, -0.0, 0.0, -1.0, -0.09628, 0.0, 1.0, 0.0, 0.658736, 0.0, 0.0, 0.0, 1.0],
                [1.0, 0.0, -0.0, -5e-06, -0.0, 0.0, -1.0, -0.085138, 0.0, 1.0, 0.0, 0.647671, 0.0, 0.0, 0.0, 1.0],
                [1.0, 0.0, -0.0, -5e-06, -0.0, 0.0, -1.0, -0.072888, 0.0, 1.0, 0.0, 0.637258, 0.0, 0.0, 0.0, 1.0],
                [1.0, 0.0, -0.0, -5e-06, -0.0, 0.0, -1.0, -0.060249, 0.0, 1.0, 0.0, 0.627946, 0.0, 0.0, 0.0, 1.0],
                [1.0, 0.0, -0.0, -5e-06, -0.0, 0.0, -1.0, -0.047729, 0.0, 1.0, 0.0, 0.620093, 0.0, 0.0, 0.0, 1.0],
                [1.0, 0.0, -0.0, -5e-06, -0.0, 0.0, -1.0, -0.035736, 0.0, 1.0, 0.0, 0.614034, 0.0, 0.0, 0.0, 1.0],
                [1.0, 0.0, -0.0, -5e-06, -0.0, 0.0, -1.0, -0.024633, 0.0, 1.0, 0.0, 0.610113, 0.0, 0.0, 0.0, 1.0],
                [1.0, 0.0, -0.0, -5e-06, -0.0, 0.0, -1.0, -0.014783, 0.0, 1.0, 0.0, 0.60871, 0.0, 0.0, 0.0, 1.0],
                [1.0, 0.0, -0.0, -5e-06, -0.0, 0.0, -1.0, -0.009335, 0.0, 1.0, 0.0, 0.610378, 0.0, 0.0, 0.0, 1.0],
                [1.0, 0.0, -0.0, -5e-06, -0.0, 0.0, -1.0, -0.006352, 0.0, 1.0, 0.0, 0.613453, 0.0, 0.0, 0.0, 1.0],
                [1.0, 0.0, -0.0, -5e-06, -0.0, 0.0, -1.0, -0.003748, 0.0, 1.0, 0.0, 0.616976, 0.0, 0.0, 0.0, 1.0],
                [1.0, 0.0, -0.0, -5e-06, -0.0, 0.0, -1.0, -0.000824, 0.0, 1.0, 0.0, 0.620631, 0.0, 0.0, 0.0, 1.0],
                [1.0, 0.0, -0.0, -5e-06, -0.0, 0.0, -1.0, 0.002794, 0.0, 1.0, 0.0, 0.624256, 0.0, 0.0, 0.0, 1.0],
                [1.0, 0.0, -0.0, -5e-06, -0.0, 0.0, -1.0, 0.007364, 0.0, 1.0, 0.0, 0.627747, 0.0, 0.0, 0.0, 1.0],
                [1.0, 0.0, -0.0, -5e-06, -0.0, 0.0, -1.0, 0.013104, 0.0, 1.0, 0.0, 0.631025, 0.0, 0.0, 0.0, 1.0],
                [1.0, 0.0, -0.0, -5e-06, -0.0, 0.0, -1.0, 0.020224, 0.0, 1.0, 0.0, 0.63402, 0.0, 0.0, 0.0, 1.0],
                [1.0, 0.0, -0.0, -5e-06, -0.0, 0.0, -1.0, 0.028941, 0.0, 1.0, 0.0, 0.636665, 0.0, 0.0, 0.0, 1.0],
                [1.0, 0.0, -0.0, -5e-06, -0.0, 0.0, -1.0, 0.039504, 0.0, 1.0, 0.0, 0.638887, 0.0, 0.0, 0.0, 1.0],
                [1.0, 0.0, -0.0, -5e-06, -0.0, 0.0, -1.0, 0.052199, 0.0, 1.0, 0.0, 0.640607, 0.0, 0.0, 0.0, 1.0],
                [1.0, 0.0, -0.0, -5e-06, -0.0, 0.0, -1.0, 0.067379, 0.0, 1.0, 0.0, 0.641729, 0.0, 0.0, 0.0, 1.0],
                [1.0, 0.0, -0.0, -5e-06, -0.0, 0.0, -1.0, 0.085491, 0.0, 1.0, 0.0, 0.642135, 0.0, 0.0, 0.0, 1.0],
                [1.0, 0.0, -0.0, -5e-06, -0.0, 0.0, -1.0, 0.147292, 0.0, 1.0, 0.0, 0.634521, 0.0, 0.0, 0.0, 1.0],
                [1.0, 0.0, -0.0, -5e-06, -0.0, 0.0, -1.0, 0.236054, 0.0, 1.0, 0.0, 0.610978, 0.0, 0.0, 0.0, 1.0],
                [1.0, 0.0, -0.0, -5e-06, -0.0, 0.0, -1.0, 0.333267, 0.0, 1.0, 0.0, 0.575123, 0.0, 0.0, 0.0, 1.0],
                [1.0, 0.0, -0.0, -5e-06, -0.0, 0.0, -1.0, 0.412131, 0.0, 1.0, 0.0, 0.536245, 0.0, 0.0, 0.0, 1.0],
                [1.0, 0.0, -0.0, -5e-06, -0.0, 0.0, -1.0, 0.457093, 0.0, 1.0, 0.0, 0.502539, 0.0, 0.0, 0.0, 1.0],
                [1.0, 0.0, -0.0, -5e-06, -0.0, 0.0, -1.0, 0.481174, 0.0, 1.0, 0.0, 0.46517, 0.0, 0.0, 0.0, 1.0],
                [1.0, 0.0, -0.0, -5e-06, -0.0, 0.0, -1.0, 0.497967, 0.0, 1.0, 0.0, 0.421438, 0.0, 0.0, 0.0, 1.0],
                [1.0, 0.0, -0.0, -5e-06, -0.0, 0.0, -1.0, 0.506725, 0.0, 1.0, 0.0, 0.380719, 0.0, 0.0, 0.0, 1.0],
                [1.0, 0.0, -0.0, -5e-06, -0.0, 0.0, -1.0, 0.509556, 0.0, 1.0, 0.0, 0.353816, 0.0, 0.0, 0.0, 1.0],
                [1.0, 0.0, -0.0, -5e-06, -0.0, 0.0, -1.0, 0.509884, 0.0, 1.0, 0.0, 0.345081, 0.0, 0.0, 0.0, 1.0],
                [1.0, 0.0, -0.0, -5e-06, -0.0, 0.0, -1.0, 0.485137, 0.0, 1.0, 0.0, 0.349915, 0.0, 0.0, 0.0, 1.0],
                [1.0, 0.0, -0.0, -5e-06, -0.0, 0.0, -1.0, 0.414269, 0.0, 1.0, 0.0, 0.364327, 0.0, 0.0, 0.0, 1.0],
                [1.0, 0.0, -0.0, -5e-06, -0.0, 0.0, -1.0, 0.320145, 0.0, 1.0, 0.0, 0.384971, 0.0, 0.0, 0.0, 1.0],
                [1.0, 0.0, -0.0, -5e-06, -0.0, 0.0, -1.0, 0.240749, 0.0, 1.0, 0.0, 0.405211, 0.0, 0.0, 0.0, 1.0],
                [1.0, 0.0, -0.0, -5e-06, -0.0, 0.0, -1.0, 0.201493, 0.0, 1.0, 0.0, 0.41996, 0.0, 0.0, 0.0, 1.0],
                [1.0, 0.0, -0.0, -5e-06, -0.0, 0.0, -1.0, 0.187431, 0.0, 1.0, 0.0, 0.430286, 0.0, 0.0, 0.0, 1.0],
                [1.0, 0.0, -0.0, -5e-06, -0.0, 0.0, -1.0, 0.17789, 0.0, 1.0, 0.0, 0.440047, 0.0, 0.0, 0.0, 1.0],
                [1.0, 0.0, -0.0, -5e-06, -0.0, 0.0, -1.0, 0.169783, 0.0, 1.0, 0.0, 0.449552, 0.0, 0.0, 0.0, 1.0],
                [1.0, 0.0, -0.0, -5e-06, -0.0, 0.0, -1.0, 0.162471, 0.0, 1.0, 0.0, 0.458869, 0.0, 0.0, 0.0, 1.0],
                [1.0, 0.0, -0.0, -5e-06, -0.0, 0.0, -1.0, 0.155691, 0.0, 1.0, 0.0, 0.468029, 0.0, 0.0, 0.0, 1.0],
                [1.0, 0.0, -0.0, -5e-06, -0.0, 0.0, -1.0, 0.149299, 0.0, 1.0, 0.0, 0.477045, 0.0, 0.0, 0.0, 1.0],
                [1.0, 0.0, -0.0, -5e-06, -0.0, 0.0, -1.0, 0.143212, 0.0, 1.0, 0.0, 0.485928, 0.0, 0.0, 0.0, 1.0],
                [1.0, 0.0, -0.0, -5e-06, -0.0, 0.0, -1.0, 0.137372, 0.0, 1.0, 0.0, 0.494682, 0.0, 0.0, 0.0, 1.0],
                [1.0, 0.0, -0.0, -5e-06, -0.0, 0.0, -1.0, 0.13174, 0.0, 1.0, 0.0, 0.50331, 0.0, 0.0, 0.0, 1.0],
                [1.0, 0.0, -0.0, -5e-06, -0.0, 0.0, -1.0, 0.126288, 0.0, 1.0, 0.0, 0.511813, 0.0, 0.0, 0.0, 1.0],
                [1.0, 0.0, -0.0, -5e-06, -0.0, 0.0, -1.0, 0.120994, 0.0, 1.0, 0.0, 0.52019, 0.0, 0.0, 0.0, 1.0],
                [1.0, 0.0, -0.0, -5e-06, -0.0, 0.0, -1.0, 0.115841, 0.0, 1.0, 0.0, 0.528439, 0.0, 0.0, 0.0, 1.0],
                [1.0, 0.0, -0.0, -5e-06, -0.0, 0.0, -1.0, 0.110816, 0.0, 1.0, 0.0, 0.53656, 0.0, 0.0, 0.0, 1.0],
                [1.0, 0.0, -0.0, -5e-06, -0.0, 0.0, -1.0, 0.10591, 0.0, 1.0, 0.0, 0.544548, 0.0, 0.0, 0.0, 1.0],
                [1.0, 0.0, -0.0, -5e-06, -0.0, 0.0, -1.0, 0.101114, 0.0, 1.0, 0.0, 0.552399, 0.0, 0.0, 0.0, 1.0],
                [1.0, 0.0, -0.0, -5e-06, -0.0, 0.0, -1.0, 0.096421, 0.0, 1.0, 0.0, 0.560109, 0.0, 0.0, 0.0, 1.0],
                [1.0, 0.0, -0.0, -5e-06, -0.0, 0.0, -1.0, 0.091826, 0.0, 1.0, 0.0, 0.567673, 0.0, 0.0, 0.0, 1.0],
                [1.0, 0.0, -0.0, -5e-06, -0.0, 0.0, -1.0, 0.087326, 0.0, 1.0, 0.0, 0.575084, 0.0, 0.0, 0.0, 1.0],
                [1.0, 0.0, -0.0, -5e-06, -0.0, 0.0, -1.0, 0.082916, 0.0, 1.0, 0.0, 0.582335, 0.0, 0.0, 0.0, 1.0],
                [1.0, 0.0, -0.0, -5e-06, -0.0, 0.0, -1.0, 0.078595, 0.0, 1.0, 0.0, 0.589418, 0.0, 0.0, 0.0, 1.0],
                [1.0, 0.0, -0.0, -5e-06, -0.0, 0.0, -1.0, 0.074361, 0.0, 1.0, 0.0, 0.596323, 0.0, 0.0, 0.0, 1.0],
                [1.0, 0.0, -0.0, -5e-06, -0.0, 0.0, -1.0, 0.070213, 0.0, 1.0, 0.0, 0.60304, 0.0, 0.0, 0.0, 1.0],
                [1.0, 0.0, -0.0, -5e-06, -0.0, 0.0, -1.0, 0.066151, 0.0, 1.0, 0.0, 0.609555, 0.0, 0.0, 0.0, 1.0],
                [1.0, 0.0, -0.0, -5e-06, -0.0, 0.0, -1.0, 0.062176, 0.0, 1.0, 0.0, 0.615856, 0.0, 0.0, 0.0, 1.0],
                [1.0, 0.0, -0.0, -5e-06, -0.0, 0.0, -1.0, 0.058288, 0.0, 1.0, 0.0, 0.621927, 0.0, 0.0, 0.0, 1.0],
                [1.0, 0.0, -0.0, -5e-06, -0.0, 0.0, -1.0, 0.05449, 0.0, 1.0, 0.0, 0.627747, 0.0, 0.0, 0.0, 1.0],
                [1.0, 0.0, -0.0, -5e-06, -0.0, 0.0, -1.0, 0.050784, 0.0, 1.0, 0.0, 0.633296, 0.0, 0.0, 0.0, 1.0],
                [1.0, 0.0, -0.0, -5e-06, -0.0, 0.0, -1.0, 0.047176, 0.0, 1.0, 0.0, 0.638548, 0.0, 0.0, 0.0, 1.0],
                [1.0, 0.0, -0.0, -5e-06, -0.0, 0.0, -1.0, 0.043668, 0.0, 1.0, 0.0, 0.643473, 0.0, 0.0, 0.0, 1.0],
                [1.0, 0.0, -0.0, -5e-06, -0.0, 0.0, -1.0, 0.040269, 0.0, 1.0, 0.0, 0.648033, 0.0, 0.0, 0.0, 1.0],
                [1.0, 0.0, -0.0, -5e-06, -0.0, 0.0, -1.0, 0.038047, 0.0, 1.0, 0.0, 0.650956, 0.0, 0.0, 0.0, 1.0],
                [1.0, 0.0, -0.0, -5e-06, -0.0, 0.0, -1.0, 0.03594, 0.0, 1.0, 0.0, 0.653709, 0.0, 0.0, 0.0, 1.0],
                [1.0, 0.0, -0.0, -5e-06, -0.0, 0.0, -1.0, 0.033901, 0.0, 1.0, 0.0, 0.656367, 0.0, 0.0, 0.0, 1.0],
                [1.0, 0.0, -0.0, -5e-06, -0.0, 0.0, -1.0, 0.031919, 0.0, 1.0, 0.0, 0.658947, 0.0, 0.0, 0.0, 1.0],
                [1.0, 0.0, -0.0, -5e-06, -0.0, 0.0, -1.0, 0.02999, 0.0, 1.0, 0.0, 0.661457, 0.0, 0.0, 0.0, 1.0],
                [1.0, 0.0, -0.0, -5e-06, -0.0, 0.0, -1.0, 0.02811, 0.0, 1.0, 0.0, 0.663901, 0.0, 0.0, 0.0, 1.0],
                [1.0, 0.0, -0.0, -5e-06, -0.0, 0.0, -1.0, 0.026279, 0.0, 1.0, 0.0, 0.666282, 0.0, 0.0, 0.0, 1.0],
                [1.0, 0.0, -0.0, -5e-06, -0.0, 0.0, -1.0, 0.024495, 0.0, 1.0, 0.0, 0.6686, 0.0, 0.0, 0.0, 1.0],
                [1.0, 0.0, -0.0, -5e-06, -0.0, 0.0, -1.0, 0.022758, 0.0, 1.0, 0.0, 0.670856, 0.0, 0.0, 0.0, 1.0],
                [1.0, 0.0, -0.0, -5e-06, -0.0, 0.0, -1.0, 0.02107, 0.0, 1.0, 0.0, 0.673048, 0.0, 0.0, 0.0, 1.0],
                [1.0, 0.0, -0.0, -5e-06, -0.0, 0.0, -1.0, 0.01943, 0.0, 1.0, 0.0, 0.675177, 0.0, 0.0, 0.0, 1.0],
                [1.0, 0.0, -0.0, -5e-06, -0.0, 0.0, -1.0, 0.01784, 0.0, 1.0, 0.0, 0.677241, 0.0, 0.0, 0.0, 1.0],
                [1.0, 0.0, -0.0, -5e-06, -0.0, 0.0, -1.0, 0.016301, 0.0, 1.0, 0.0, 0.679239, 0.0, 0.0, 0.0, 1.0],
                [1.0, 0.0, -0.0, -5e-06, -0.0, 0.0, -1.0, 0.014815, 0.0, 1.0, 0.0, 0.681167, 0.0, 0.0, 0.0, 1.0],
                [1.0, 0.0, -0.0, -5e-06, -0.0, 0.0, -1.0, 0.013383, 0.0, 1.0, 0.0, 0.683025, 0.0, 0.0, 0.0, 1.0],
                [1.0, 0.0, -0.0, -5e-06, -0.0, 0.0, -1.0, 0.012008, 0.0, 1.0, 0.0, 0.684809, 0.0, 0.0, 0.0, 1.0],
                [1.0, 0.0, -0.0, -5e-06, -0.0, 0.0, -1.0, 0.010692, 0.0, 1.0, 0.0, 0.686516, 0.0, 0.0, 0.0, 1.0],
                [1.0, 0.0, -0.0, -5e-06, -0.0, 0.0, -1.0, 0.009439, 0.0, 1.0, 0.0, 0.688142, 0.0, 0.0, 0.0, 1.0],
                [1.0, 0.0, -0.0, -5e-06, -0.0, 0.0, -1.0, 0.00825, 0.0, 1.0, 0.0, 0.689684, 0.0, 0.0, 0.0, 1.0],
                [1.0, 0.0, -0.0, -5e-06, -0.0, 0.0, -1.0, 0.007129, 0.0, 1.0, 0.0, 0.691137, 0.0, 0.0, 0.0, 1.0],
                [1.0, 0.0, -0.0, -5e-06, -0.0, 0.0, -1.0, 0.006082, 0.0, 1.0, 0.0, 0.692495, 0.0, 0.0, 0.0, 1.0],
                [1.0, 0.0, -0.0, -5e-06, -0.0, 0.0, -1.0, 0.005111, 0.0, 1.0, 0.0, 0.693754, 0.0, 0.0, 0.0, 1.0],
                [1.0, 0.0, -0.0, -5e-06, -0.0, 0.0, -1.0, 0.004223, 0.0, 1.0, 0.0, 0.694905, 0.0, 0.0, 0.0, 1.0],
                [1.0, 0.0, -0.0, -5e-06, -0.0, 0.0, -1.0, 0.003423, 0.0, 1.0, 0.0, 0.695942, 0.0, 0.0, 0.0, 1.0],
                [1.0, 0.0, -0.0, -5e-06, -0.0, 0.0, -1.0, 0.002718, 0.0, 1.0, 0.0, 0.696856, 0.0, 0.0, 0.0, 1.0],
                [1.0, 0.0, -0.0, -5e-06, -0.0, 0.0, -1.0, 0.002116, 0.0, 1.0, 0.0, 0.697636, 0.0, 0.0, 0.0, 1.0],
                [1.0, 0.0, -0.0, -5e-06, -0.0, 0.0, -1.0, 0.001627, 0.0, 1.0, 0.0, 0.698272, 0.0, 0.0, 0.0, 1.0],
                [1.0, 0.0, -0.0, -5e-06, -0.0, 0.0, -1.0, 0.001259, 0.0, 1.0, 0.0, 0.698748, 0.0, 0.0, 0.0, 1.0],
                [1.0, 0.0, -0.0, -5e-06, -0.0, 0.0, -1.0, 0.001028, 0.0, 1.0, 0.0, 0.699048, 0.0, 0.0, 0.0, 1.0],
                [1.0, 0.0, -0.0, -5e-06, -0.0, 0.0, -1.0, 0.000946, 0.0, 1.0, 0.0, 0.699153, 0.0, 0.0, 0.0, 1.0]
            ]
        },
        {
            "name": "Thigh_R",
            "time": [0.0, 0.0167, 0.0333, 0.05, 0.0667, 0.0833, 0.1, 0.1167, 0.1333, 0.15, 0.1667, 0.1833, 0.2, 0.2167, 0.2333, 0.25, 0.2667, 0.2833, 0.3, 0.3167, 0.3333, 0.35, 0.3667, 0.3833, 0.4, 0.4167, 0.4333, 0.45, 0.4667, 0.4833, 0.5, 0.5167, 0.5333, 0.55, 0.5667, 0.5833, 0.6, 0.6167, 0.6333, 0.65, 0.6667, 0.6833, 0.7, 0.7167, 0.7333, 0.75, 0.7667, 0.7833, 0.8, 0.8167, 0.8333, 0.85, 0.8667, 0.8833, 0.9, 0.9167, 0.9333, 0.95, 0.9667, 0.9833, 1.0, 1.0167, 1.0333, 1.05, 1.0667, 1.0833, 1.1, 1.1167, 1.1333, 1.15, 1.1667, 1.1833, 1.2, 1.2167, 1.2333, 1.25, 1.2667, 1.2833, 1.3, 1.3167, 1.3333, 1.35, 1.3667, 1.3833, 1.4, 1.4167, 1.4333, 1.45, 1.4667, 1.4833, 1.5, 1.5167, 1.5333, 1.55, 1.5667, 1.5833, 1.6, 1.6167, 1.6333, 1.65, 1.6667],
            "transform": [
                [0.951813, 0.15821, 0.262707, 0.114686, 0.122418, -0.981451, 0.147531, 0.003069, 0.281185, -0.108249, -0.953493, 0.087006, 0.0, 0.0, 0.0, 1.0],
                [0.954846, 0.155056, 0.253418, 0.114686, 0.107005, -0.975241, 0.19353, 0.012568, 0.277162, -0.157663, -0.947763, 0.094605, 0.0, 0.0, 0.0, 1.0],
                [0.96011, 0.145133, 0.238997, 0.114686, 0.076398, -0.958383, 0.27507, 0.032894, 0.268982, -0.245832, -0.931206, 0.110865, 0.0, 0.0, 0.0, 1.0],
                [0.96204, 0.143238, 0.232286, 0.114686, 0.063419, -0.945223, 0.320201, 0.042392, 0.265437, -0.29331, -0.918391, 0.118464, 0.0, 0.0, 0.0, 1.0],
                [0.961691, 0.153223, 0.227307, 0.114686, 0.065854, -0.934055, 0.351001, 0.042392, 0.266109, -0.32258, -0.908328, 0.118464, 0.0, 0.0, 0.0, 1.0],
                [0.96103, 0.163688, 0.222762, 0.114686, 0.07035, -0.924127, 0.37555, 0.042392, 0.267343, -0.345237, -0.899594, 0.118464, 0.0, 0.0, 0.0, 1.0],
                [0.960179, 0.173437, 0.219022, 0.114686, 0.075935, -0.916472, 0.392822, 0.042392, 0.268867, -0.360541, -0.893114, 0.118464, 0.0, 0.0, 0.0, 1.0],
                [0.959199, 0.182153, 0.216224, 0.114686, 0.08212, -0.911321, 0.403418, 0.042392, 0.270544, -0.369193, -0.889064, 0.118464, 0.0, 0.0, 0.0, 1.0],
                [0.958133, 0.189682, 0.214468, 0.114686, 0.08857, -0.908683, 0.407978, 0.042392, 0.27228, -0.371892, -0.887407, 0.118464, 0.0, 0.0, 0.0, 1.0],
                [0.957027, 0.195938, 0.213782, 0.114686, 0.094998, -0.908357, 0.407256, 0.042392, 0.273998, -0.369436, -0.887905, 0.118464, 0.0, 0.0, 0.0, 1.0],
                [0.955931, 0.200786, 0.214185, 0.114686, 0.101128, -0.910112, 0.401826, 0.042392, 0.275624, -0.362447, -0.890279, 0.118464, 0.0, 0.0, 0.0, 1.0],
                [0.954907, 0.204049, 0.215666, 0.114686, 0.106667, -0.913683, 0.392174, 0.042392, 0.277083, -0.351474, -0.894217, 0.118464, 0.0, 0.0, 0.0, 1.0],
                [0.954024, 0.205405, 0.218269, 0.114686, 0.111303, -0.918961, 0.378309, 0.042392, 0.278298, -0.33661, -0.899542, 0.118464, 0.0, 0.0, 0.0, 1.0],
                [0.95361, 0.204399, 0.221006, 0.114686, 0.11344, -0.924024, 0.365112, 0.042392, 0.278854, -0.323092, -0.904315, 0.118464, 0.0, 0.0, 0.0, 1.0],
                [0.95346, 0.202229, 0.223633, 0.114686, 0.114207, -0.928675, 0.352867, 0.042392, 0.279052, -0.310892, -0.90852, 0.118464, 0.0, 0.0, 0.0, 1.0],
                [0.953361, 0.199641, 0.226365, 0.114686, 0.114716, -0.933382, 0.34005, 0.042392, 0.279184, -0.29821, -0.912721, 0.118464, 0.0, 0.0, 0.0, 1.0],
                [0.953239, 0.196865, 0.229291, 0.114686, 0.115338, -0.938275, 0.326087, 0.042392, 0.279344, -0.284381, -0.917075, 0.118464, 0.0, 0.0, 0.0, 1.0],
                [0.953055, 0.194003, 0.23247, 0.114686, 0.116266, -0.94339, 0.310636, 0.042392, 0.279584, -0.269012, -0.921627, 0.118464, 0.0, 0.0, 0.0, 1.0],
                [0.952784, 0.191107, 0.235954, 0.114686, 0.117629, -0.948719, 0.293414, 0.042392, 0.279938, -0.251793, -0.926373, 0.118464, 0.0, 0.0, 0.0, 1.0],
                [0.952401, 0.188184, 0.239817, 0.114686, 0.119537, -0.954249, 0.274075, 0.042392, 0.280432, -0.23235, -0.931291, 0.118464, 0.0, 0.0, 0.0, 1.0],
                [0.951882, 0.185272, 0.244109, 0.114686, 0.122093, -0.959879, 0.252432, 0.042392, 0.281094, -0.210469, -0.93628, 0.118464, 0.0, 0.0, 0.0, 1.0],
                [0.951196, 0.182334, 0.248945, 0.114686, 0.125413, -0.965547, 0.228007, 0.042392, 0.281952, -0.185646, -0.94126, 0.118464, 0.0, 0.0, 0.0, 1.0],
                [0.950309, 0.17933, 0.254455, 0.114686, 0.129627, -0.97112, 0.200299, 0.042392, 0.283037, -0.157348, -0.946078, 0.118464, 0.0, 0.0, 0.0, 1.0],
                [0.949171, 0.176158, 0.260839, 0.114686, 0.1349, -0.976418, 0.168544, 0.042392, 0.284389, -0.124776, -0.950519, 0.118464, 0.0, 0.0, 0.0, 1.0],
                [0.947716, 0.172713, 0.268323, 0.114686, 0.141442, -0.981111, 0.131955, 0.042392, 0.286056, -0.087089, -0.954212, 0.118464, 0.0, 0.0, 0.0, 1.0],
                [0.945852, 0.168698, 0.277304, 0.114686, 0.149533, -0.984738, 0.089038, 0.042392, 0.288103, -0.042736, -0.95661, 0.118464, 0.0, 0.0, 0.0, 1.0],
                [0.937635, 0.167494, 0.304596, 0.114686, 0.182046, -0.983088, -0.019783, 0.036101, 0.296142, 0.074018, -0.952238, 0.119163, 0.0, 0.0, 0.0, 1.0],
                [0.919183, 0.181455, 0.349523, 0.114686, 0.242535, -0.960074, -0.139372, 0.018379, 0.31029, 0.212902, -0.926465, 0.121132, 0.0, 0.0, 0.0, 1.0],
                [0.883557, 0.196282, 0.425189, 0.114686, 0.332902, -0.901831, -0.275428, -0.004376, 0.329399, 0.384929, -0.862137, 0.12366, 0.0, 0.0, 0.0, 1.0],
                [0.83043, 0.19658, 0.521267, 0.114686, 0.435214, -0.813047, -0.386682, -0.022097, 0.347813, 0.548005, -0.760712, 0.125629, 0.0, 0.0, 0.0, 1.0],
                [0.777943, 0.191016, 0.598573, 0.114686, 0.515349, -0.738996, -0.43391, -0.028389, 0.359472, 0.646063, -0.673318, 0.126329, 0.0, 0.0, 0.0, 1.0],
                [0.730793, 0.199794, 0.652679, 0.114686, 0.57595, -0.693696, -0.432489, -0.021187, 0.366365, 0.692003, -0.622003, 0.1263, 0.0, 0.0, 0.0, 1.0],
                [0.68651, 0.207188, 0.69695, 0.114686, 0.625605, -0.65682, -0.420936, -0.000898, 0.370571, 0.725024, -0.580516, 0.126158, 0.0, 0.0, 0.0, 1.0],
                [0.655578, 0.214941, 0.723862, 0.114686, 0.656889, -0.635145, -0.406288, 0.025161, 0.372443, 0.741883, -0.557565, 0.125815, 0.0, 0.0, 0.0, 1.0],
                [0.641117, 0.22052, 0.735049, 0.114686, 0.670672, -0.626589, -0.396948, 0.045472, 0.373052, 0.7475, -0.5496, 0.125235, 0.0, 0.0, 0.0, 1.0],
                [0.63741, 0.220481, 0.738277, 0.114686, 0.674123, -0.623646, -0.395736, 0.052711, 0.373184, 0.749969, -0.546137, 0.124459, 0.0, 0.0, 0.0, 1.0],
                [0.66705, 0.282081, 0.689517, 0.114686, 0.645628, -0.680722, -0.34607, 0.051951, 0.371763, 0.676051, -0.636183, 0.123566, 0.0, 0.0, 0.0, 1.0],
                [0.744853, 0.364321, 0.558958, 0.114686, 0.558924, -0.798244, -0.224483, 0.050932, 0.364414, 0.479653, -0.79819, 0.122664, 0.0, 0.0, 0.0, 1.0],
                [0.824259, 0.387608, 0.412718, 0.114686, 0.445661, -0.893761, -0.050627, 0.049859, 0.349261, 0.22569, -0.909418, 0.121769, 0.0, 0.0, 0.0, 1.0],
                [0.872471, 0.373002, 0.315674, 0.114686, 0.356838, -0.927668, 0.109933, 0.048765, 0.333858, 0.016757, -0.942448, 0.120883, 0.0, 0.0, 0.0, 1.0],
                [0.89184, 0.357026, 0.277743, 0.114686, 0.314121, -0.93064, 0.187681, 0.04766, 0.325498, -0.080113, -0.942115, 0.120005, 0.0, 0.0, 0.0, 1.0],
                [0.898934, 0.34718, 0.267156, 0.114686, 0.297047, -0.931301, 0.210784, 0.046551, 0.321994, -0.1101, -0.940289, 0.119135, 0.0, 0.0, 0.0, 1.0],
                [0.903898, 0.338572, 0.261393, 0.114686, 0.28455, -0.93223, 0.223535, 0.045443, 0.319373, -0.127651, -0.938963, 0.118274, 0.0, 0.0, 0.0, 1.0],
                [0.908019, 0.330581, 0.257308, 0.114686, 0.273793, -0.933191, 0.232767, 0.044337, 0.317078, -0.140885, -0.937847, 0.117421, 0.0, 0.0, 0.0, 1.0],
                [0.911597, 0.323039, 0.25422, 0.114686, 0.264146, -0.934168, 0.239889, 0.043235, 0.314989, -0.151508, -0.936894, 0.116576, 0.0, 0.0, 0.0, 1.0],
                [0.91477, 0.315832, 0.251865, 0.114686, 0.255327, -0.935191, 0.245389, 0.042138, 0.313056, -0.160145, -0.936105, 0.11574, 0.0, 0.0, 0.0, 1.0],
                [0.917623, 0.30896, 0.250007, 0.114686, 0.247172, -0.936217, 0.249788, 0.041047, 0.311247, -0.167395, -0.935439, 0.114912, 0.0, 0.0, 0.0, 1.0],
                [0.920209, 0.302354, 0.248572, 0.114686, 0.239577, -0.937278, 0.253186, 0.039963, 0.309545, -0.17341, -0.934907, 0.114093, 0.0, 0.0, 0.0, 1.0],
                [0.92257, 0.295983, 0.247486, 0.114686, 0.232464, -0.938382, 0.255715, 0.038886, 0.307935, -0.178362, -0.934507, 0.113281, 0.0, 0.0, 0.0, 1.0],
                [0.924737, 0.289821, 0.246692, 0.114686, 0.225778, -0.939533, 0.257473, 0.037817, 0.306408, -0.182377, -0.934234, 0.112478, 0.0, 0.0, 0.0, 1.0],
                [0.926732, 0.283848, 0.246148, 0.114686, 0.219473, -0.940735, 0.258535, 0.036757, 0.304957, -0.185549, -0.934084, 0.111684, 0.0, 0.0, 0.0, 1.0],
                [0.928577, 0.278045, 0.24582, 0.114686, 0.213513, -0.94199, 0.258959, 0.035705, 0.303574, -0.187958, -0.934052, 0.110898, 0.0, 0.0, 0.0, 1.0],
                [0.930287, 0.272399, 0.245678, 0.114686, 0.207868, -0.943296, 0.258796, 0.034662, 0.302254, -0.189666, -0.934135, 0.11012, 0.0, 0.0, 0.0, 1.0],
                [0.931875, 0.266895, 0.245699, 0.114686, 0.202512, -0.944655, 0.258087, 0.033629, 0.300994, -0.190728, -0.934325, 0.109351, 0.0, 0.0, 0.0, 1.0],
                [0.933354, 0.261523, 0.245862, 0.114686, 0.197424, -0.946063, 0.25687, 0.032606, 0.299789, -0.191192, -0.934617, 0.10859, 0.0, 0.0, 0.0, 1.0],
                [0.934734, 0.256253, 0.246171, 0.114686, 0.192586, -0.947539, 0.255095, 0.031592, 0.298636, -0.191018, -0.935022, 0.107839, 0.0, 0.0, 0.0, 1.0],
                [0.936022, 0.251118, 0.246567, 0.114686, 0.187981, -0.949037, 0.252954, 0.030589, 0.297533, -0.190402, -0.935499, 0.107096, 0.0, 0.0, 0.0, 1.0],
                [0.937227, 0.246093, 0.247055, 0.114686, 0.183595, -0.950571, 0.250401, 0.029597, 0.296477, -0.189306, -0.936056, 0.106362, 0.0, 0.0, 0.0, 1.0],
                [0.938355, 0.241175, 0.247623, 0.114686, 0.179416, -0.952136, 0.247469, 0.028615, 0.295465, -0.187768, -0.936685, 0.105637, 0.0, 0.0, 0.0, 1.0],
                [0.939412, 0.236359, 0.248257, 0.114686, 0.175432, -0.953724, 0.244189, 0.027645, 0.294496, -0.185823, -0.937378, 0.104921, 0.0, 0.0, 0.0, 1.0],
                [0.940403, 0.231647, 0.248946, 0.114686, 0.171636, -0.955327, 0.240594, 0.026686, 0.293569, -0.18351, -0.938124, 0.104214, 0.0, 0.0, 0.0, 1.0],
                [0.941333, 0.227039, 0.249677, 0.114686, 0.168019, -0.956937, 0.23672, 0.025739, 0.292681, -0.180865, -0.938915, 0.103517, 0.0, 0.0, 0.0, 1.0],
                [0.942205, 0.222517, 0.250459, 0.114686, 0.164573, -0.958563, 0.232525, 0.024805, 0.291832, -0.177851, -0.939754, 0.10283, 0.0, 0.0, 0.0, 1.0],
                [0.943022, 0.218131, 0.251239, 0.114686, 0.161293, -0.960153, 0.228224, 0.023882, 0.291021, -0.174681, -0.9406, 0.102153, 0.0, 0.0, 0.0, 1.0],
                [0.943789, 0.213861, 0.25203, 0.114686, 0.158174, -0.961721, 0.22376, 0.022973, 0.290247, -0.171301, -0.94146, 0.101485, 0.0, 0.0, 0.0, 1.0],
                [0.944506, 0.209725, 0.252817, 0.114686, 0.155214, -0.963251, 0.219209, 0.022076, 0.28951, -0.167787, -0.942319, 0.100828, 0.0, 0.0, 0.0, 1.0],
                [0.945178, 0.205737, 0.253585, 0.114686, 0.152409, -0.964727, 0.214637, 0.021193, 0.28881, -0.164206, -0.943164, 0.100181, 0.0, 0.0, 0.0, 1.0],
                [0.945804, 0.201917, 0.25432, 0.114686, 0.149759, -0.966135, 0.210125, 0.020323, 0.288145, -0.160634, -0.943982, 0.099544, 0.0, 0.0, 0.0, 1.0],
                [0.946386, 0.19829, 0.255006, 0.114686, 0.147263, -0.967456, 0.205765, 0.019468, 0.287518, -0.157165, -0.944757, 0.098918, 0.0, 0.0, 0.0, 1.0],
                [0.946926, 0.194873, 0.255636, 0.114686, 0.144925, -0.968682, 0.201613, 0.018627, 0.286929, -0.153849, -0.945481, 0.098304, 0.0, 0.0, 0.0, 1.0],
                [0.947423, 0.191734, 0.256167, 0.114686, 0.142747, -0.969769, 0.197908, 0.017801, 0.28638, -0.150921, -0.94612, 0.0977, 0.0, 0.0, 0.0, 1.0],
                [0.947704, 0.189945, 0.256461, 0.114686, 0.141507, -0.970379, 0.195799, 0.01699, 0.286066, -0.149253, -0.946479, 0.097109, 0.0, 0.0, 0.0, 1.0],
                [0.947962, 0.188275, 0.256736, 0.114686, 0.140357, -0.970948, 0.193796, 0.016195, 0.285775, -0.147662, -0.946817, 0.096529, 0.0, 0.0, 0.0, 1.0],
                [0.948208, 0.186662, 0.257006, 0.114686, 0.13926, -0.9715, 0.191811, 0.015416, 0.285496, -0.146071, -0.947147, 0.095961, 0.0, 0.0, 0.0, 1.0],
                [0.948443, 0.18509, 0.257276, 0.114686, 0.138205, -0.97204, 0.189826, 0.014654, 0.285228, -0.144468, -0.947474, 0.095405, 0.0, 0.0, 0.0, 1.0],
                [0.948669, 0.183553, 0.257545, 0.114686, 0.137186, -0.972571, 0.187835, 0.013908, 0.284969, -0.142847, -0.947797, 0.094862, 0.0, 0.0, 0.0, 1.0],
                [0.948886, 0.182046, 0.257814, 0.114686, 0.136201, -0.973094, 0.185834, 0.01318, 0.284719, -0.141207, -0.948118, 0.094333, 0.0, 0.0, 0.0, 1.0],
                [0.949095, 0.180567, 0.258083, 0.114686, 0.135247, -0.973609, 0.183824, 0.012471, 0.284476, -0.139548, -0.948437, 0.093817, 0.0, 0.0, 0.0, 1.0],
                [0.949297, 0.179117, 0.258352, 0.114686, 0.134323, -0.974116, 0.181806, 0.01178, 0.28424, -0.137871, -0.948752, 0.093314, 0.0, 0.0, 0.0, 1.0],
                [0.949491, 0.177694, 0.258621, 0.114686, 0.133429, -0.974614, 0.17978, 0.011108, 0.284012, -0.136179, -0.949065, 0.092826, 0.0, 0.0, 0.0, 1.0],
                [0.949679, 0.176274, 0.258904, 0.114686, 0.132564, -0.975121, 0.177663, 0.010456, 0.283791, -0.134388, -0.949386, 0.092353, 0.0, 0.0, 0.0, 1.0],
                [0.949859, 0.174912, 0.259166, 0.114686, 0.131727, -0.975598, 0.175656, 0.009825, 0.283577, -0.132695, -0.949688, 0.091895, 0.0, 0.0, 0.0, 1.0],
                [0.950032, 0.173579, 0.259427, 0.114686, 0.130919, -0.976066, 0.173648, 0.009216, 0.28337, -0.130994, -0.949986, 0.091453, 0.0, 0.0, 0.0, 1.0],
                [0.950199, 0.17227, 0.259689, 0.114686, 0.130139, -0.976527, 0.171627, 0.008628, 0.283171, -0.129271, -0.950282, 0.091026, 0.0, 0.0, 0.0, 1.0],
                [0.950359, 0.170993, 0.259948, 0.114686, 0.129389, -0.976978, 0.16962, 0.008063, 0.282978, -0.127552, -0.950571, 0.090617, 0.0, 0.0, 0.0, 1.0],
                [0.950512, 0.16975, 0.260204, 0.114686, 0.128668, -0.977416, 0.167632, 0.007522, 0.282793, -0.125843, -0.950854, 0.090225, 0.0, 0.0, 0.0, 1.0],
                [0.950658, 0.168545, 0.260454, 0.114686, 0.127977, -0.977841, 0.16567, 0.007005, 0.282616, -0.124151, -0.951129, 0.089851, 0.0, 0.0, 0.0, 1.0],
                [0.950797, 0.167378, 0.260699, 0.114686, 0.127317, -0.978252, 0.163743, 0.006514, 0.282446, -0.122482, -0.951396, 0.089495, 0.0, 0.0, 0.0, 1.0],
                [0.950929, 0.166255, 0.260936, 0.114686, 0.126688, -0.978647, 0.161859, 0.00605, 0.282285, -0.120846, -0.951653, 0.089159, 0.0, 0.0, 0.0, 1.0],
                [0.951053, 0.165178, 0.261167, 0.114686, 0.126093, -0.979025, 0.160027, 0.005614, 0.282132, -0.11925, -0.951899, 0.088843, 0.0, 0.0, 0.0, 1.0],
                [0.95117, 0.164152, 0.261388, 0.114686, 0.125532, -0.979384, 0.158258, 0.005206, 0.281988, -0.117704, -0.952134, 0.088549, 0.0, 0.0, 0.0, 1.0],
                [0.951279, 0.163181, 0.261598, 0.114686, 0.125008, -0.979724, 0.156564, 0.004829, 0.281853, -0.116221, -0.952356, 0.088276, 0.0, 0.0, 0.0, 1.0],
                [0.95138, 0.162273, 0.261797, 0.114686, 0.124522, -0.980041, 0.154959, 0.004483, 0.281728, -0.114813, -0.952564, 0.088026, 0.0, 0.0, 0.0, 1.0],
                [0.951472, 0.161431, 0.261982, 0.114686, 0.124076, -0.980333, 0.153458, 0.004171, 0.281613, -0.113493, -0.952756, 0.0878, 0.0, 0.0, 0.0, 1.0],
                [0.951555, 0.160666, 0.262151, 0.114686, 0.123674, -0.980599, 0.152078, 0.003893, 0.281509, -0.112276, -0.952931, 0.0876, 0.0, 0.0, 0.0, 1.0],
                [0.951628, 0.159958, 0.262318, 0.114686, 0.123319, -0.98085, 0.150742, 0.003652, 0.281418, -0.111089, -0.953097, 0.087426, 0.0, 0.0, 0.0, 1.0],
                [0.951691, 0.159371, 0.262448, 0.114686, 0.123015, -0.981052, 0.149672, 0.003449, 0.281339, -0.110144, -0.95323, 0.08728, 0.0, 0.0, 0.0, 1.0],
                [0.951742, 0.158889, 0.262555, 0.114686, 0.122766, -0.981218, 0.148787, 0.003287, 0.281275, -0.109361, -0.953339, 0.087163, 0.0, 0.0, 0.0, 1.0],
                [0.95178, 0.158524, 0.262636, 0.114686, 0.122579, -0.981343, 0.148114, 0.003168, 0.281227, -0.108765, -0.953422, 0.087077, 0.0, 0.0, 0.0, 1.0],
                [0.951805, 0.158292, 0.262688, 0.114686, 0.12246, -0.981423, 0.147683, 0.003094, 0.281196, -0.108384, -0.953474, 0.087024, 0.0, 0.0, 0.0, 1.0],
                [0.951813, 0.15821, 0.262707, 0.114686, 0.122418, -0.981451, 0.147531, 0.003069, 0.281185, -0.108249, -0.953493, 0.087006, 0.0, 0.0, 0.0, 1.0]
            ]
        },
        {
            "name": "Leg_R",
            "time": [0.0, 0.0167, 0.0333, 0.05, 0.0667, 0.0833, 0.1, 0.1167, 0.1333, 0.15, 0.1667, 0.1833, 0.2, 0.2167, 0.2333, 0.25, 0.2667, 0.2833, 0.3, 0.3167, 0.3333, 0.35, 0.3667, 0.3833, 0.4, 0.4167, 0.4333, 0.45, 0.4667, 0.4833, 0.5, 0.5167, 0.5333, 0.55, 0.5667, 0.5833, 0.6, 0.6167, 0.6333, 0.65, 0.6667, 0.6833, 0.7, 0.7167, 0.7333, 0.75, 0.7667, 0.7833, 0.8, 0.8167, 0.8333, 0.85, 0.8667, 0.8833, 0.9, 0.9167, 0.9333, 0.95, 0.9667, 0.9833, 1.0, 1.0167, 1.0333, 1.05, 1.0667, 1.0833, 1.1, 1.1167, 1.1333, 1.15, 1.1667, 1.1833, 1.2, 1.2167, 1.2333, 1.25, 1.2667, 1.2833, 1.3, 1.3167, 1.3333, 1.35, 1.3667, 1.3833, 1.4, 1.4167, 1.4333, 1.45, 1.4667, 1.4833, 1.5, 1.5167, 1.5333, 1.55, 1.5667, 1.5833, 1.6, 1.6167, 1.6333, 1.65, 1.6667],
            "transform": [
                [1.0, -0.000697, -0.000359, 0.0, 0.000769, 0.781683, 0.623658, 0.375166, -0.000154, -0.62369, 0.781693, 0.0, 0.0, 0.0, 0.0, 1.0],
                [1.0, -0.000698, -0.00036, -0.0, 0.00077, 0.781315, 0.624119, 0.375166, -0.000155, -0.62415, 0.781325, 0.0, 0.0, 0.0, 0.0, 1.0],
                [1.0, -0.00067, -0.000338, -0.0, 0.000739, 0.800352, 0.599512, 0.375166, -0.000131, -0.599543, 0.800362, -0.0, 0.0, 0.0, 0.0, 1.0],
                [1.0, -0.000672, -0.00034, 0.0, 0.000742, 0.799004, 0.601308, 0.375166, -0.000133, -0.601338, 0.799014, 0.0, 0.0, 0.0, 0.0, 1.0],
                [1.0, -0.000739, -0.000394, -0.0, 0.000815, 0.750698, 0.660627, 0.375166, -0.000192, -0.66066, 0.750709, 0.0, 0.0, 0.0, 0.0, 1.0],
                [1.0, -0.000802, -0.000454, -0.0, 0.000884, 0.697267, 0.716793, 0.375166, -0.000258, -0.716828, 0.697279, -0.0, 0.0, 0.0, 0.0, 1.0],
                [1.0, -0.000854, -0.000511, -0.0, 0.000942, 0.645759, 0.763522, 0.375166, -0.000322, -0.763559, 0.645772, 0.0, 0.0, 0.0, 0.0, 1.0],
                [1.0, -0.000895, -0.000563, 0.0, 0.000987, 0.599367, 0.800456, 0.375166, -0.000379, -0.800493, 0.59938, 0.0, 0.0, 0.0, 0.0, 1.0],
                [0.999999, -0.000926, -0.000607, 0.0, 0.001022, 0.560189, 0.828346, 0.375166, -0.000427, -0.828384, 0.560202, 0.0, 0.0, 0.0, 0.0, 1.0],
                [1.0, -0.000949, -0.000641, -0.0, 0.001046, 0.529423, 0.848339, 0.375166, -0.000465, -0.848377, 0.529437, 0.0, 0.0, 0.0, 0.0, 1.0],
                [0.999999, -0.000963, -0.000665, -0.0, 0.001062, 0.508091, 0.861285, 0.375166, -0.000492, -0.861323, 0.508104, -0.0, 0.0, 0.0, 0.0, 1.0],
                [0.999999, -0.00097, -0.000677, -0.0, 0.00107, 0.497043, 0.867708, 0.375166, -0.000505, -0.867746, 0.497056, 0.0, 0.0, 0.0, 0.0, 1.0],
                [0.999999, -0.00097, -0.000677, 0.0, 0.00107, 0.49774, 0.867308, 0.375166, -0.000504, -0.867346, 0.497754, -0.0, 0.0, 0.0, 0.0, 1.0],
                [0.999999, -0.000962, -0.000664, -0.0, 0.001061, 0.509361, 0.860535, 0.375166, -0.00049, -0.860573, 0.509374, -0.0, 0.0, 0.0, 0.0, 1.0],
                [0.999999, -0.000951, -0.000645, -0.0, 0.001049, 0.525727, 0.850635, 0.375166, -0.00047, -0.850673, 0.525741, -0.0, 0.0, 0.0, 0.0, 1.0],
                [0.999999, -0.000938, -0.000625, -0.0, 0.001035, 0.543973, 0.839084, 0.375166, -0.000447, -0.839122, 0.543987, -0.0, 0.0, 0.0, 0.0, 1.0],
                [0.999999, -0.000924, -0.000603, 0.0, 0.001019, 0.563226, 0.826284, 0.375166, -0.000424, -0.826322, 0.56324, -0.0, 0.0, 0.0, 0.0, 1.0],
                [0.999999, -0.000908, -0.000581, -0.0, 0.001002, 0.583087, 0.812391, 0.375166, -0.000399, -0.812428, 0.583101, 0.0, 0.0, 0.0, 0.0, 1.0],
                [0.999999, -0.000892, -0.000559, -0.0, 0.000984, 0.603353, 0.797455, 0.375166, -0.000374, -0.797493, 0.603367, 0.0, 0.0, 0.0, 0.0, 1.0],
                [0.999999, -0.000874, -0.000535, -0.0, 0.000964, 0.624039, 0.781374, 0.375166, -0.000349, -0.781411, 0.624053, 0.0, 0.0, 0.0, 0.0, 1.0],
                [0.999999, -0.000855, -0.000512, 0.0, 0.000943, 0.644941, 0.764213, 0.375166, -0.000323, -0.76425, 0.644954, 0.0, 0.0, 0.0, 0.0, 1.0],
                [0.999999, -0.000834, -0.000488, -0.0, 0.00092, 0.666284, 0.745679, 0.375166, -0.000297, -0.745716, 0.666296, 0.0, 0.0, 0.0, 0.0, 1.0],
                [1.0, -0.000811, -0.000464, -0.0, 0.000895, 0.688259, 0.725446, 0.375166, -0.000269, -0.725482, 0.688271, 0.0, 0.0, 0.0, 0.0, 1.0],
                [1.0, -0.000786, -0.000438, -0.0, 0.000867, 0.711329, 0.70284, 0.375166, -0.000241, -0.702875, 0.711341, -0.0, 0.0, 0.0, 0.0, 1.0],
                [1.0, -0.000757, -0.00041, -0.0, 0.000835, 0.735826, 0.677151, 0.375166, -0.000211, -0.677186, 0.735838, -0.0, 0.0, 0.0, 0.0, 1.0],
                [1.0, -0.000723, -0.00038, -0.0, 0.000797, 0.762791, 0.646626, 0.375166, -0.000177, -0.646659, 0.762802, 0.0, 0.0, 0.0, 0.0, 1.0],
                [1.0, -0.000673, -0.00034, -0.0, 0.000742, 0.798737, 0.601662, 0.375166, -0.000133, -0.601693, 0.798747, 0.0, 0.0, 0.0, 0.0, 1.0],
                [1.0, -0.000668, -0.000337, 0.0, 0.000737, 0.80169, 0.597721, 0.375166, -0.00013, -0.597752, 0.8017, 0.0, 0.0, 0.0, 0.0, 1.0],
                [1.0, -0.000632, -0.000311, -0.0, 0.000697, 0.825037, 0.56506, 0.375166, -0.000101, -0.56509, 0.825046, -0.0, 0.0, 0.0, 0.0, 1.0],
                [1.0, -0.000539, -0.000253, -0.0, 0.000594, 0.876414, 0.481541, 0.375166, -3.7e-05, -0.481566, 0.876421, 0.0, 0.0, 0.0, 0.0, 1.0],
                [1.0, -0.000462, -0.000215, 0.0, 0.000509, 0.910719, 0.413012, 0.375166, 5e-06, -0.413031, 0.910724, -0.0, 0.0, 0.0, 0.0, 1.0],
                [1.0, -0.000453, -0.000211, 0.0, 0.0005, 0.914076, 0.40553, 0.375166, 9e-06, -0.40555, 0.91408, 0.0, 0.0, 0.0, 0.0, 1.0],
                [1.0, -0.000448, -0.000209, -0.0, 0.000494, 0.91619, 0.40073, 0.375166, 1.2e-05, -0.400749, 0.916195, -0.0, 0.0, 0.0, 0.0, 1.0],
                [1.0, -0.000454, -0.000211, 0.0, 0.0005, 0.913997, 0.405708, 0.375166, 9e-06, -0.405728, 0.914001, -0.0, 0.0, 0.0, 0.0, 1.0],
                [1.0, -0.000462, -0.000215, 0.0, 0.000509, 0.910695, 0.413066, 0.375166, 5e-06, -0.413086, 0.9107, -0.0, 0.0, 0.0, 0.0, 1.0],
                [1.0, -0.00046, -0.000214, -0.0, 0.000507, 0.911453, 0.411391, 0.375166, 6e-06, -0.411411, 0.911457, -0.0, 0.0, 0.0, 0.0, 1.0],
                [1.0, -0.000641, -0.000317, -0.0, 0.000707, 0.819336, 0.573295, 0.375166, -0.000108, -0.573326, 0.819345, 0.0, 0.0, 0.0, 0.0, 1.0],
                [1.0, -0.000913, -0.000588, -0.0, 0.001007, 0.577258, 0.816542, 0.375166, -0.000406, -0.816581, 0.577272, 0.0, 0.0, 0.0, 0.0, 1.0],
                [0.999999, -0.001061, -0.00088, 0.0, 0.00117, 0.315799, 0.948808, 0.375166, -0.000729, -0.948847, 0.315812, -0.0, 0.0, 0.0, 0.0, 1.0],
                [0.999999, -0.001105, -0.001061, 0.0, 0.001219, 0.153899, 0.98807, 0.375166, -0.000929, -0.988106, 0.15391, -0.0, 0.0, 0.0, 0.0, 1.0],
                [0.999999, -0.001112, -0.001115, -0.0, 0.001226, 0.105524, 0.9944, 0.375166, -0.000988, -0.994436, 0.105535, 0.0, 0.0, 0.0, 0.0, 1.0],
                [0.999999, -0.001112, -0.001114, 0.0, 0.001226, 0.106478, 0.994299, 0.375166, -0.000987, -0.994334, 0.106489, -0.0, 0.0, 0.0, 0.0, 1.0],
                [0.999999, -0.001111, -0.001103, -0.0, 0.001225, 0.116785, 0.993141, 0.375166, -0.000974, -0.993176, 0.116796, 0.0, 0.0, 0.0, 0.0, 1.0],
                [0.999999, -0.001109, -0.001088, -0.0, 0.001223, 0.130203, 0.991471, 0.375166, -0.000958, -0.991507, 0.130214, 0.0, 0.0, 0.0, 0.0, 1.0],
                [0.999999, -0.001106, -0.001071, 0.0, 0.00122, 0.145432, 0.989352, 0.375166, -0.000939, -0.989388, 0.145443, 0.0, 0.0, 0.0, 0.0, 1.0],
                [0.999999, -0.001103, -0.001052, 0.0, 0.001217, 0.162101, 0.986758, 0.375166, -0.000918, -0.986794, 0.162112, 0.0, 0.0, 0.0, 0.0, 1.0],
                [0.999999, -0.0011, -0.001032, -0.0, 0.001213, 0.179553, 0.983732, 0.375166, -0.000897, -0.983768, 0.179565, -0.0, 0.0, 0.0, 0.0, 1.0],
                [0.999999, -0.001096, -0.001012, -0.0, 0.001209, 0.197764, 0.980233, 0.375166, -0.000874, -0.98027, 0.197775, -0.0, 0.0, 0.0, 0.0, 1.0],
                [0.999999, -0.001092, -0.000991, 0.0, 0.001204, 0.216595, 0.976245, 0.375166, -0.000851, -0.976282, 0.216606, 0.0, 0.0, 0.0, 0.0, 1.0],
                [0.999999, -0.001087, -0.000969, -0.0, 0.001198, 0.235939, 0.971751, 0.375166, -0.000827, -0.971788, 0.235951, 0.0, 0.0, 0.0, 0.0, 1.0],
                [0.999999, -0.001081, -0.000947, -0.0, 0.001192, 0.255712, 0.966736, 0.375166, -0.000803, -0.966773, 0.255724, 0.0, 0.0, 0.0, 0.0, 1.0],
                [0.999999, -0.001075, -0.000925, 0.0, 0.001185, 0.275841, 0.961187, 0.375166, -0.000778, -0.961224, 0.275853, 0.0, 0.0, 0.0, 0.0, 1.0],
                [0.999999, -0.001068, -0.000902, -0.0, 0.001178, 0.296259, 0.955091, 0.375166, -0.000753, -0.955128, 0.296271, 0.0, 0.0, 0.0, 0.0, 1.0],
                [0.999999, -0.001061, -0.000879, 0.0, 0.00117, 0.316907, 0.94844, 0.375166, -0.000727, -0.948477, 0.316919, 0.0, 0.0, 0.0, 0.0, 1.0],
                [0.999999, -0.001053, -0.000856, -0.0, 0.001161, 0.337727, 0.941227, 0.375166, -0.000702, -0.941265, 0.33774, 0.0, 0.0, 0.0, 0.0, 1.0],
                [0.999999, -0.001044, -0.000832, 0.0, 0.001151, 0.358808, 0.933394, 0.375166, -0.000676, -0.933432, 0.358821, 0.0, 0.0, 0.0, 0.0, 1.0],
                [0.999999, -0.001034, -0.000809, 0.0, 0.001141, 0.379821, 0.925042, 0.375166, -0.00065, -0.92508, 0.379834, 0.0, 0.0, 0.0, 0.0, 1.0],
                [0.999999, -0.001024, -0.000785, -0.0, 0.00113, 0.400838, 0.916131, 0.375166, -0.000624, -0.91617, 0.400851, -0.0, 0.0, 0.0, 0.0, 1.0],
                [0.999999, -0.001014, -0.000762, -0.0, 0.001118, 0.4218, 0.906671, 0.375166, -0.000598, -0.906709, 0.421814, 0.0, 0.0, 0.0, 0.0, 1.0],
                [0.999999, -0.001003, -0.000738, -0.0, 0.001106, 0.442647, 0.896678, 0.375166, -0.000572, -0.896716, 0.44266, 0.0, 0.0, 0.0, 0.0, 1.0],
                [0.999999, -0.000991, -0.000715, -0.0, 0.001093, 0.463314, 0.886176, 0.375166, -0.000547, -0.886215, 0.463327, 0.0, 0.0, 0.0, 0.0, 1.0],
                [0.999999, -0.000979, -0.000692, 0.0, 0.001079, 0.483733, 0.875197, 0.375166, -0.000522, -0.875236, 0.483746, -0.0, 0.0, 0.0, 0.0, 1.0],
                [0.999999, -0.000966, -0.00067, -0.0, 0.001065, 0.503966, 0.863705, 0.375166, -0.000497, -0.863744, 0.50398, 0.0, 0.0, 0.0, 0.0, 1.0],
                [0.999999, -0.000953, -0.000648, -0.0, 0.001051, 0.523647, 0.851917, 0.375166, -0.000472, -0.851955, 0.523661, 0.0, 0.0, 0.0, 0.0, 1.0],
                [0.999999, -0.000939, -0.000626, -0.0, 0.001036, 0.542866, 0.8398, 0.375166, -0.000449, -0.839839, 0.54288, -0.0, 0.0, 0.0, 0.0, 1.0],
